log file for 10.1.1.8
16.89 89.41 59.18 4229942.0 125255.0
23.92 91.69 59.18 2001353.0 90981.0
20.92 92.34 59.18 1293488.0 85060.0
19.76 92.18 59.18 1337385.0 80967.0
19.18 92.37 59.18 991156.0 69544.0
19.41 92.34 59.18 1715991.0 90525.0
19.38 92.5 59.18 1222056.0 80984.0
18.89 92.89 59.18 613861.0 70875.0
19.47 92.58 59.18 1245589.0 80670.0
18.55 92.6 59.18 2378783.0 98224.0
20.12 92.55 59.18 1571740.0 78651.0
20.58 92.58 59.18 2154094.0 92796.0
20.01 92.78 59.18 1169585.0 78694.0
20.93 93.2 59.18 2506722.0 96195.0
20.63 93.2 59.18 314908.0 61566.0
20.9 92.63 59.18 1206582.0 71529.0
20.6 92.63 59.18 1167140.0 77092.0
21.87 92.47 59.18 11078.0 39980.0
22.27 92.71 59.18 1513919.0 79329.0
19.05 92.94 59.18 14256.0 47550.0
19.38 92.86 59.18 21614.0 51131.0
18.82 92.58 59.18 327852.0 60215.0
19.06 92.5 59.18 2583568.0 96467.0
19.73 92.58 59.18 264506.0 48966.0
18.97 92.78 59.18 182222.0 57194.0
19.24 92.86 59.18 936302.0 80754.0
20.77 92.99 59.18 2242439.0 90099.0
18.85 93.07 59.18 15804.0 45876.0
21.64 93.28 59.18 5170975.0 140292.0
20.49 94.07 59.18 74702.0 44279.0
19.76 94.07 59.18 5237139.0 136017.0
20.37 94.14 59.18 41480.0 43265.0
20.21 93.99 59.18 3180712.0 108608.0
20.45 94.27 59.18 13060.0 44576.0
20.78 88.65 59.18 3407909.0 118713.0
19.75 88.24 59.18 297964.0 197215.0
19.45 87.87 59.18 4501480.0 129209.0
20.29 87.9 59.18 2872352.0 111147.0
20.84 88.13 59.18 2598275.0 87535.0
18.07 88.26 59.18 15100.0 46229.0
18.31 88.29 59.18 770342.0 72900.0
18.72 88.05 59.18 79516.0 182643.0
19.45 87.95 59.18 7292126.0 161399.0
22.88 88.26 59.18 8110815.0 172965.0
18.56 88.6 59.18 2675797.0 99975.0
18.41 88.6 59.18 96674.0 78791.0
18.03 88.24 59.18 46596.0 46983.0
21.3 88.16 59.18 2454180.0 101093.0
19.8 88.71 59.18 4432971.0 128484.0
18.3 88.63 59.18 15980.0 47024.0
19.53 88.76 59.18 3441444.0 102287.0
19.28 89.02 59.18 5162785.0 144388.0
21.32 88.73 59.18 122532.0 54968.0
17.91 88.58 59.18 16584.0 46502.0
19.31 88.24 59.18 5402696.0 143629.0
17.68 88.42 59.18 15658.0 44538.0
19.46 88.21 59.18 950028.0 79320.0
19.37 88.39 59.18 815626.0 73131.0
21.57 88.21 59.18 5883025.0 153545.0
20.32 88.68 59.18 2787129.0 99102.0
19.02 88.78 59.18 31781.0 162522.0
19.24 88.5 59.18 16572.0 52098.0
18.27 88.44 59.18 279574.0 150294.0
18.18 88.26 59.18 15820.0 46847.0
17.53 88.26 59.18 13136.0 44940.0
19.33 88.24 59.18 90748.0 48094.0
20.02 88.47 59.18 14354.0 46079.0
17.79 88.34 59.18 16236.0 47161.0
18.86 88.26 59.18 888146.0 72357.0
17.73 88.18 59.18 829444.0 73917.0
20.57 88.1 59.18 7511784.0 162033.0
22.99 88.65 59.18 5578492.0 141728.0
17.94 89.07 59.18 681672.0 71996.0
17.16 88.16 59.18 217598.0 15176.0
7.22 85.44 59.18 9928.0 7408.0
7.43 85.33 59.18 24612.0 9208.0
7.12 85.28 59.18 10048.0 8992.0
7.12 85.28 59.18 5204.0 4496.0
7.12 85.31 59.18 10108.0 9412.0
7.11 85.33 59.18 10168.0 8992.0
7.02 85.33 59.18 24420.0 7816.0
7.17 85.33 59.18 10348.0 9454.0
7.12 85.33 59.18 20678.0 5262.0
7.16 85.31 59.18 9868.0 8992.0
7.54 85.33 59.18 10042.0 9268.0
7.61 85.33 59.18 10268.0 9272.0
7.19 85.33 59.18 9862.0 7502.0
7.26 85.33 59.18 5864.0 5336.0
7.19 85.33 59.18 10214.0 9366.0
7.19 85.36 59.18 9808.0 8992.0
7.13 85.36 59.18 10656.0 8200.0
7.12 85.39 59.18 10208.0 7688.0
7.2 85.41 59.18 9868.0 8992.0
7.12 85.41 59.18 6114.0 5476.0
7.14 85.44 59.18 10048.0 7408.0
7.38 85.86 59.18 9808.0 8992.0
7.11 85.88 59.18 10788.0 9972.0
7.24 85.62 59.18 9988.0 8992.0
7.23 85.65 59.18 9808.0 7408.0
8.93 85.33 59.18 10338.0 9906.0
7.12 85.33 59.18 5144.0 4496.0
7.05 85.36 59.18 9868.0 8992.0
6.92 85.33 59.18 10788.0 9972.0
7.17 85.36 59.18 9670.0 9086.0
7.11 85.36 59.18 9868.0 8992.0
7.09 85.39 59.18 10394.0 9058.0
7.15 85.39 59.18 9928.0 7408.0
7.16 85.39 59.18 9074.0 8350.0
7.05 85.41 59.18 9808.0 8992.0
7.17 85.41 59.18 10168.0 8992.0
7.14 85.41 59.18 9676.0 7220.0
6.94 85.41 59.18 9808.0 8992.0
7.21 85.44 59.18 7816.0 6976.0
7.01 85.44 59.18 9868.0 8992.0
6.96 85.44 59.18 9808.0 7482.0
7.11 85.46 59.18 10048.0 8992.0
7.07 85.46 59.18 9928.0 7408.0
16.89 83.06 59.18 9796.0 7220.0
18.17 83.97 59.18 9808.0 8992.0
16.48 84.03 59.18 9604.0 8600.0
15.58 84.05 59.18 11028.0 9972.0
15.81 84.13 59.18 10048.0 9066.0
15.73 84.16 59.18 9808.0 8992.0
15.43 84.24 59.18 10348.0 9412.0
15.66 84.29 59.18 10208.0 9272.0
15.46 84.34 59.18 9682.0 8898.0
15.65 84.39 59.18 10222.0 9252.0
15.61 84.44 59.18 10268.0 9272.0
15.63 84.52 59.18 9808.0 8992.0
15.76 84.58 59.18 9688.0 8992.0
15.68 84.63 59.18 10268.0 9272.0
15.73 84.68 59.18 9988.0 9066.0
15.84 84.76 59.18 9742.0 8898.0
15.66 84.81 59.18 9406.0 8860.0
15.66 84.89 59.18 9796.0 8878.0
15.91 84.94 59.18 9616.0 8804.0
15.53 84.99 59.18 9418.0 8506.0
15.78 85.07 59.18 9988.0 8992.0
15.91 84.63 59.18 9988.0 8992.0
15.68 84.63 59.18 9688.0 8992.0
15.93 84.63 59.18 9730.0 7110.0
15.79 84.63 59.18 9796.0 7220.0
17.33 84.55 59.18 9610.0 8512.0
28.05 85.52 59.18 4904.0 4496.0
15.84 86.17 59.18 10438.0 8878.0
15.74 86.22 59.18 5345.0 4790.0
15.91 86.25 59.18 9544.0 8600.0
15.82 86.25 59.18 9868.0 8992.0
15.83 86.25 59.18 9736.0 8804.0
15.96 86.27 59.18 9358.0 8926.0
15.81 86.3 59.18 5030.0 4672.0
16.14 86.75 59.18 10108.0 8992.0
15.93 86.75 59.18 9730.0 7126.0
16.14 86.75 59.18 9949.0 9286.0
16.13 86.77 59.18 9988.0 9066.0
16.06 86.77 59.18 9862.0 8832.0
16.11 86.8 59.18 9748.0 7408.0
16.04 86.77 59.18 9676.0 8846.0
15.98 86.8 59.18 10108.0 8992.0
16.21 86.8 59.18 9868.0 8992.0
15.92 86.82 59.18 8224.0 7450.0
16.18 86.88 59.18 10249.0 9286.0
18.17 86.56 59.18 9988.0 8992.0
15.86 86.56 59.18 4820.0 4104.0
16.15 86.59 59.18 8230.0 7856.0
16.28 86.61 59.18 9790.0 8710.0
15.85 86.59 59.18 9868.0 8992.0
16.12 86.61 59.18 4898.0 4402.0
16.03 86.61 59.18 9868.0 7408.0
15.96 86.64 59.18 9922.0 8898.0
16.29 86.67 59.18 9862.0 8898.0
15.96 86.67 59.18 4904.0 4496.0
16.03 86.67 59.18 9190.0 7946.0
16.13 86.64 59.18 9928.0 8992.0
15.92 86.67 59.18 9802.0 9066.0
16.25 86.69 59.18 10392.0 9226.0
16.17 86.67 59.18 9868.0 8330.0
16.11 86.69 59.18 9922.0 9066.0
16.11 86.69 59.18 10266.0 9198.0
16.04 86.69 59.18 9988.0 8992.0
16.21 86.75 59.18 8278.0 8240.0
16.3 86.72 59.18 10228.0 9412.0
15.93 86.75 59.18 9808.0 8992.0
16.3 86.75 59.18 9928.0 8992.0
16.23 86.77 59.18 8888.0 9040.0
16.08 86.77 59.18 9991.0 9406.0
16.33 86.8 59.18 9982.0 8848.0
16.18 86.82 59.18 9928.0 9066.0
16.16 86.85 59.18 10242.0 9338.0
16.45 86.85 59.18 6096.0 5616.0
16.06 86.88 59.18 5138.0 4496.0
16.22 86.88 59.18 9038.0 7072.0
16.2 86.88 59.18 9898.0 9082.0
15.98 86.88 59.18 10565.0 9192.0
16.32 86.9 59.18 5204.0 4570.0
16.16 86.9 59.18 9736.0 8804.0
16.16 86.93 59.18 9808.0 8992.0
16.26 86.95 59.18 9982.0 9066.0
16.02 86.95 59.18 9928.0 8992.0
16.35 86.95 59.18 5828.0 5712.0
16.23 86.95 59.18 10571.0 9286.0
16.14 86.98 59.18 9658.0 8860.0
16.25 86.98 59.18 9506.0 8268.0
16.14 87.01 59.18 9688.0 8992.0
16.04 87.01 59.18 10108.0 9108.0
16.34 87.01 59.18 9922.0 8848.0
16.13 87.03 59.18 9808.0 8992.0
16.31 87.03 59.18 10431.0 8224.0
16.33 87.03 59.18 9856.0 8804.0
15.96 87.03 59.18 4860.0 3922.0
17.05 87.06 59.18 9748.0 8992.0
16.35 87.06 59.18 9928.0 8992.0
16.05 87.06 59.18 9868.0 8992.0
16.4 87.11 59.18 9808.0 8992.0
16.29 87.14 59.18 9988.0 9066.0
16.05 87.11 59.18 9928.0 8992.0
16.4 87.14 59.18 9928.0 8992.0
16.14 87.14 59.18 9838.0 8992.0
16.31 87.16 59.18 8554.0 6728.0
16.58 87.56 59.18 8866.0 6866.0
16.44 87.58 59.18 9736.0 8804.0
16.32 87.58 59.18 9808.0 7408.0
16.34 87.58 59.18 9868.0 8992.0
16.89 96.63 59.18 10713.0 7582.0
56.21 90.38 59.18 9334.0 6454.0
54.77 90.69 59.18 9928.0 9066.0
53.98 90.77 59.18 9808.0 7408.0
53.76 90.8 59.18 9928.0 8992.0
54.06 90.88 59.18 9928.0 7482.0
53.78 90.95 59.18 9682.0 8848.0
53.7 90.98 59.18 9928.0 7408.0
53.82 91.08 59.18 9868.0 7408.0
53.82 91.16 59.18 9748.0 7408.0
53.72 91.22 59.18 9748.0 7408.0
53.89 91.27 59.18 5204.0 3746.0
53.87 91.32 59.18 5204.0 3704.0
53.7 91.37 59.18 9748.0 7408.0
53.9 91.45 59.18 9856.0 7502.0
53.87 91.5 59.18 9928.0 7408.0
53.86 91.56 59.18 9748.0 7408.0
53.88 91.63 59.18 9808.0 7408.0
53.82 91.69 59.18 9664.0 6900.0
53.79 91.29 59.18 9928.0 7408.0
53.8 91.32 59.18 9808.0 7408.0
53.77 91.32 59.18 9898.0 7416.0
53.81 91.32 59.18 5024.0 3704.0
53.99 91.35 59.18 5426.0 3704.0
53.83 91.35 59.18 10048.0 7482.0
53.74 91.37 59.18 9988.0 8992.0
53.81 91.37 59.18 10451.0 7702.0
53.82 91.37 59.18 9988.0 7408.0
53.74 91.4 59.18 10048.0 7408.0
53.9 91.37 59.18 9808.0 7408.0
53.83 91.4 59.18 9928.0 7408.0
53.8 91.4 59.18 9538.0 7408.0
53.83 91.4 59.18 9928.0 7408.0
53.84 91.42 59.18 8164.0 7408.0
53.68 91.42 59.18 9898.0 7408.0
54.0 91.48 59.18 5264.0 3704.0
53.81 91.5 59.18 5024.0 4496.0
53.74 91.5 59.18 5204.0 3704.0
53.86 91.5 59.18 10082.0 7622.0
53.88 91.5 59.18 9526.0 7210.0
53.71 91.53 59.18 9868.0 7482.0
53.97 91.53 59.18 9988.0 7408.0
53.87 91.56 59.18 9988.0 7408.0
53.83 91.56 59.18 9868.0 7482.0
53.76 91.56 59.18 9928.0 7408.0
53.77 91.56 59.18 9808.0 7408.0
53.75 91.56 59.18 10048.0 7524.0
53.98 91.58 59.18 5204.0 3704.0
53.97 91.61 59.18 5084.0 3704.0
53.76 91.61 59.18 9808.0 7450.0
53.77 91.61 59.18 9928.0 7408.0
53.85 91.61 59.18 9868.0 8992.0
53.7 91.63 59.18 9928.0 9034.0
53.95 91.61 59.18 9928.0 7408.0
53.81 91.63 59.18 8344.0 7514.0
53.95 92.05 59.18 9808.0 7450.0
54.02 92.05 59.18 9748.0 8992.0
53.87 92.08 59.18 10330.0 7408.0
53.73 92.08 59.18 9988.0 7408.0
54.03 92.1 59.18 9748.0 7482.0
53.79 92.1 59.18 10249.0 7744.0
53.73 92.13 59.18 9724.0 6916.0
55.69 88.44 59.18 9928.0 9066.0
53.8 88.47 59.18 9868.0 9034.0
53.67 88.47 59.18 10048.0 7408.0
53.95 88.5 59.18 9550.0 7060.0
53.89 88.55 59.18 9988.0 7408.0
53.75 88.52 59.18 10822.0 8248.0
53.83 88.55 59.18 9808.0 7408.0
53.85 88.55 59.18 9748.0 7408.0
53.83 88.55 59.18 10908.0 8494.0
53.86 88.58 59.18 9928.0 7408.0
53.84 88.58 59.18 9748.0 8992.0
53.81 88.58 59.18 10848.0 9972.0
53.8 88.58 59.18 9988.0 7408.0
53.91 88.6 59.18 9748.0 7408.0
53.85 88.6 59.18 10848.0 8388.0
53.78 88.6 59.18 9868.0 7408.0
53.82 88.63 59.18 9868.0 7482.0
53.68 88.63 59.18 10968.0 8388.0
53.74 88.65 59.18 9868.0 8992.0
53.86 88.65 59.18 8987.0 7776.0
53.92 88.65 59.18 8644.0 7828.0
53.84 88.65 59.18 9862.0 7408.0
53.78 88.65 59.18 9988.0 7482.0
53.82 88.65 59.18 9634.0 6982.0
53.79 88.68 59.18 5084.0 3704.0
53.9 88.73 59.18 9928.0 7408.0
53.9 88.73 59.18 10630.0 9412.0
53.79 88.73 59.18 9928.0 7408.0
53.79 88.73 59.18 9928.0 7408.0
53.84 88.76 59.18 10088.0 9272.0
53.68 88.76 59.18 4904.0 3704.0
53.91 88.78 59.18 5264.0 3704.0
53.87 88.78 59.18 5084.0 4496.0
53.95 88.78 59.18 4964.0 4496.0
53.92 88.78 59.18 9988.0 7408.0
53.77 88.81 59.18 9928.0 7482.0
53.72 88.81 59.18 9688.0 7408.0
53.8 88.81 59.18 9988.0 7408.0
53.83 88.84 59.18 9928.0 7482.0
53.67 88.86 59.18 9928.0 7450.0
53.79 88.84 59.18 9280.0 6672.0
53.82 88.86 59.18 9928.0 7482.0
53.68 88.86 59.18 9928.0 7408.0
53.89 88.89 59.18 10210.0 7408.0
53.89 88.92 59.18 9868.0 7408.0
16.9 87.9 59.18 9868.0 8992.0
9.99 88.86 59.18 9748.0 8992.0
8.01 88.76 59.18 9742.0 8992.0
29.19 88.84 59.18 10048.0 9066.0
7.33 88.89 59.18 8344.0 8992.0
7.17 88.94 59.18 5426.0 4496.0
7.45 88.99 59.18 9988.0 9066.0
7.3 89.05 59.18 9928.0 8992.0
7.14 89.12 59.18 9808.0 8992.0
8.07 89.59 59.18 9988.0 9066.0
35.27 89.8 59.18 9988.0 8992.0
7.11 89.86 59.18 9688.0 8992.0
7.22 89.93 59.18 10048.0 9066.0
7.09 90.01 59.18 9988.0 9034.0
7.09 90.07 59.18 9808.0 8992.0
7.29 90.12 59.18 9526.0 8934.0
7.24 90.17 59.18 9868.0 8992.0
7.09 90.22 59.18 9748.0 8992.0
7.22 90.3 59.18 10108.0 9066.0
7.16 90.35 59.18 10484.0 9100.0
7.16 89.93 59.18 9885.0 8992.0
7.17 89.93 59.18 9928.0 9066.0
7.1 89.93 59.18 9868.0 8992.0
7.37 90.38 59.18 9415.0 8900.0
7.17 90.38 59.18 5066.0 4288.0
7.14 90.38 59.18 9802.0 8992.0
7.23 90.38 59.18 9688.0 8992.0
7.21 90.41 59.18 10228.0 9066.0
7.24 90.38 59.18 5144.0 4496.0
7.16 90.41 59.18 9808.0 8992.0
7.16 90.41 59.18 10228.0 9066.0
7.27 90.41 59.18 9988.0 9034.0
7.13 90.43 59.18 9748.0 8992.0
7.22 90.43 59.18 9586.0 8934.0
7.3 90.43 59.18 9982.0 8898.0
7.14 90.46 59.18 9748.0 8992.0
7.23 90.46 59.18 8404.0 9066.0
7.38 90.46 59.18 9862.0 9086.0
7.13 90.51 59.18 9676.0 8804.0
7.27 90.51 59.18 9982.0 8972.0
9.03 90.22 59.18 9928.0 8900.0
7.14 90.25 59.18 9748.0 9034.0
7.27 90.25 59.18 10108.0 9066.0
7.27 90.25 59.18 5084.0 4496.0
7.03 90.27 59.18 9566.0 8740.0
7.2 90.27 59.18 9730.0 8652.0
7.26 90.3 59.18 9460.0 8728.0
6.96 90.33 59.18 9688.0 8992.0
7.17 90.33 59.18 10082.0 9132.0
7.27 90.33 59.18 9808.0 8992.0
7.15 90.33 59.18 7956.0 7242.0
7.07 90.33 59.18 9658.0 8580.0
7.19 90.35 59.18 9868.0 8992.0
7.2 90.38 59.18 9616.0 8804.0
7.05 90.38 59.18 10108.0 9066.0
7.25 90.41 59.18 9808.0 8992.0
7.11 90.38 59.18 9748.0 8992.0
7.1 90.41 59.18 4862.0 4438.0
7.21 90.41 59.18 9868.0 8992.0
7.11 90.46 59.18 9748.0 8992.0
7.16 90.48 59.18 9988.0 9066.0
7.14 90.46 59.18 8464.0 8992.0
7.01 90.46 59.18 9688.0 8992.0
7.23 90.51 59.18 9988.0 9066.0
7.18 90.51 59.18 5744.0 4916.0
7.04 90.54 59.18 9478.0 8926.0
7.11 90.54 59.18 10048.0 9066.0
7.11 90.54 59.18 11208.0 10434.0
7.15 90.56 59.18 9868.0 8992.0
7.08 90.56 59.18 5264.0 4570.0
6.97 90.59 59.18 11208.0 10392.0
7.02 90.59 59.18 9868.0 8992.0
7.04 90.59 59.18 9670.0 9152.0
7.13 90.61 59.18 11208.0 10392.0
7.14 90.64 59.18 4880.0 4016.0
6.99 90.61 59.18 9988.0 8992.0
7.03 90.54 59.18 10728.0 9972.0
7.25 90.51 59.18 9538.0 8926.0
13.14 94.54 59.18 9988.0 9066.0
7.2 95.16 59.18 4958.0 4402.0
6.98 95.19 59.18 9868.0 8992.0
7.19 95.24 59.18 9928.0 8992.0
6.97 95.27 59.18 9376.0 8884.0
7.22 95.27 59.18 5144.0 4496.0
7.17 95.29 59.18 9928.0 8992.0
7.16 95.29 59.18 9808.0 8992.0
7.09 95.32 59.18 9616.0 8672.0
7.06 95.35 59.18 9988.0 8992.0
7.03 95.35 59.18 9682.0 8898.0
7.21 95.35 59.18 10210.0 8992.0
7.15 95.37 59.18 9988.0 8992.0
7.33 95.79 59.18 8484.0 7632.0
7.35 95.82 59.18 9802.0 8898.0
7.24 95.84 59.18 10108.0 8992.0
7.09 95.84 59.18 9808.0 8992.0
7.16 95.84 59.18 10048.0 8992.0
7.15 95.84 59.18 9868.0 8992.0
7.03 95.87 59.18 9688.0 8992.0
7.16 95.87 59.18 5847.0 4790.0
7.22 95.87 59.18 9928.0 8992.0
7.06 95.9 59.18 9802.0 8898.0
7.28 95.92 59.18 10148.0 9272.0
7.21 95.92 59.18 10048.0 8992.0
7.1 95.92 59.18 9808.0 8992.0
7.22 95.92 59.18 10208.0 9272.0
9.26 89.28 59.18 9856.0 8804.0
